0.615385 0.871345 1.0 -1.0
-0.956044 0.239766 1.0 -1.0
0.483516 -0.894737 1.0 1.0
0.857143 -0.134503 1.0 1.0
0.274725 -0.461988 1.0 1.0
0.153846 0.309942 1.0 -1.0
-0.472527 -0.263158 1.0 1.0
-0.89011 0.497076 1.0 -1.0
0.0769231 0.707602 1.0 1.0
0.362637 0.0175439 1.0 -1.0
-0.912088 0.309942 1.0 -1.0
0.879121 -0.263158 1.0 1.0
-0.010989 0.0292398 1.0 -1.0
-0.0549451 -0.0643275 1.0 -1.0
0.769231 -1.0 1.0 1.0
-0.197802 -0.298246 1.0 1.0
-0.263736 -0.274854 1.0 1.0
0.89011 -0.0409357 1.0 1.0
-0.417582 -0.602339 1.0 -1.0
-0.428571 -0.672515 1.0 -1.0
-0.186813 -0.719298 1.0 -1.0
0.538462 0.906433 1.0 -1.0
0.901099 0.602339 1.0 -1.0
-0.307692 -0.356725 1.0 1.0
0.0549451 -0.660819 1.0 -1.0
0.714286 0.263158 1.0 1.0
0.868132 0.672515 1.0 -1.0
0.637363 0.391813 1.0 1.0
0.351648 0.508772 1.0 1.0
-0.021978 0.356725 1.0 -1.0
-0.395604 0.216374 1.0 -1.0
-0.0879121 0.426901 1.0 -1.0
-0.10989 -0.368421 1.0 1.0
0.32967 0.28655 1.0 -1.0
0.758242 -0.672515 1.0 1.0
-0.406593 -0.356725 1.0 1.0
0.021978 0.0409357 1.0 -1.0
-0.164835 -0.28655 1.0 1.0
0.835165 -0.590643 1.0 1.0
-0.131868 -0.812865 1.0 -1.0
0.516484 -0.894737 1.0 1.0
0.89011 0.146199 1.0 1.0
0.153846 0.169591 1.0 -1.0
-0.197802 -0.00584795 1.0 -1.0
0.208791 0.157895 1.0 -1.0
0.241758 0.894737 1.0 -1.0
-0.032967 0.707602 1.0 1.0
-0.296703 -0.777778 1.0 -1.0
-0.0989011 -0.660819 1.0 -1.0
0.461538 -0.871345 1.0 1.0
-0.604396 -0.567251 1.0 -1.0
0.417582 -0.707602 1.0 1.0
0.142857 0.684211 1.0 1.0
-0.010989 0.0643275 1.0 -1.0
-0.824176 -0.391813 1.0 -1.0
-0.241758 0.0175439 1.0 -1.0
-0.021978 -0.146199 1.0 -1.0
0.637363 -0.929825 1.0 1.0
0.021978 -0.426901 1.0 1.0
0.78022 -0.74269 1.0 1.0
0.197802 0.263158 1.0 -1.0
0.791209 -0.929825 1.0 1.0
-0.307692 -0.111111 1.0 -1.0
0.0769231 -0.403509 1.0 1.0
-0.681319 -0.625731 1.0 -1.0
0.67033 -0.847953 1.0 1.0
-0.604396 0.251462 1.0 -1.0
-0.978022 0.438596 1.0 -1.0
-0.043956 -0.157895 1.0 -1.0
-0.494505 0.649123 1.0 -1.0
0.241758 0.555556 1.0 1.0
0.043956 -0.0994152 1.0 -1.0
-0.835165 -0.0994152 1.0 -1.0
-0.0549451 -0.192982 1.0 -1.0
0.571429 0.894737 1.0 -1.0
-0.131868 -0.847953 1.0 -1.0
-0.791209 -0.274854 1.0 -1.0
0.010989 0.637427 1.0 1.0
-0.791209 -0.695906 1.0 -1.0
-0.527473 0.0409357 1.0 -1.0
0.0 0.74269 1.0 1.0
0.032967 -0.28655 1.0 1.0
-0.0769231 0.333333 1.0 -1.0
0.0989011 0.508772 1.0 1.0
0.89011 0.812865 1.0 -1.0
0.604396 0.953216 1.0 -1.0
-0.230769 -0.426901 1.0 1.0
0.846154 -0.321637 1.0 1.0
0.626374 -0.953216 1.0 1.0
-0.538462 0.146199 1.0 -1.0
0.89011 -0.0760234 1.0 1.0
-0.0989011 0.298246 1.0 -1.0
0.0989011 0.192982 1.0 -1.0
-0.604396 0.812865 1.0 -1.0
0.67033 0.906433 1.0 -1.0
-0.857143 0.567251 1.0 -1.0
0.725275 0.906433 1.0 -1.0
-0.626374 0.192982 1.0 -1.0
0.846154 -0.22807 1.0 1.0
-0.021978 -0.0760234 1.0 -1.0
-0.010989 -0.356725 1.0 1.0
-0.043956 0.637427 1.0 1.0
0.340659 0.812865 1.0 -1.0
-0.318681 0.450292 1.0 -1.0
0.450549 0.906433 1.0 -1.0
-0.43956 -0.754386 1.0 -1.0
-0.923077 0.309942 1.0 -1.0
-0.384615 0.0760234 1.0 -1.0
-0.10989 -0.0526316 1.0 -1.0
-0.043956 -0.368421 1.0 1.0
-0.417582 -0.356725 1.0 1.0
0.912088 -0.192982 1.0 1.0
-0.395604 -0.380117 1.0 1.0
0.120879 0.216374 1.0 -1.0
-0.912088 0.497076 1.0 -1.0
0.175824 -0.356725 1.0 1.0
-0.373626 -0.578947 1.0 -1.0
-0.406593 -0.555556 1.0 -1.0
0.56044 0.976608 1.0 -1.0
-0.736264 -0.684211 1.0 -1.0
0.285714 0.906433 1.0 -1.0
0.120879 0.239766 1.0 -1.0
-0.131868 -0.730994 1.0 -1.0
0.494505 0.122807 1.0 -1.0
-0.131868 0.00584795 1.0 -1.0
0.725275 -0.847953 1.0 1.0
-0.252747 -0.0175439 1.0 -1.0
0.857143 -0.28655 1.0 1.0
-0.604396 0.918129 1.0 -1.0
0.318681 -0.54386 1.0 1.0
0.813187 -0.637427 1.0 1.0
-0.0989011 0.859649 1.0 1.0
-0.274725 -0.321637 1.0 1.0
-0.912088 0.649123 1.0 -1.0
-0.164835 -0.824561 1.0 -1.0
-0.879121 0.976608 1.0 -1.0
0.417582 -0.169591 1.0 -1.0
-0.483516 0.0526316 1.0 -1.0
0.791209 -0.380117 1.0 1.0
0.769231 0.461988 1.0 1.0
0.230769 0.871345 1.0 -1.0
0.0769231 0.251462 1.0 -1.0
0.021978 -0.274854 1.0 1.0
-0.351648 0.403509 1.0 -1.0
0.32967 0.918129 1.0 -1.0
-0.835165 0.859649 1.0 -1.0
-0.824176 0.918129 1.0 -1.0
-0.604396 -0.146199 1.0 -1.0
0.571429 -0.777778 1.0 1.0
-0.824176 0.859649 1.0 -1.0
-0.472527 -0.824561 1.0 -1.0
0.307692 -0.578947 1.0 1.0
-0.747253 0.0292398 1.0 -1.0
-0.142857 -0.555556 1.0 -1.0
0.461538 0.450292 1.0 1.0
0.483516 0.122807 1.0 -1.0
-0.450549 0.450292 1.0 -1.0
-0.142857 -0.754386 1.0 -1.0
-0.604396 0.0760234 1.0 -1.0
0.714286 0.918129 1.0 -1.0
-0.153846 -0.426901 1.0 1.0
0.912088 -0.0175439 1.0 1.0
0.0549451 -0.368421 1.0 1.0
0.78022 -0.695906 1.0 1.0
-0.626374 0.0994152 1.0 -1.0
0.89011 -0.380117 1.0 1.0
-0.626374 0.0877193 1.0 -1.0
0.0 -0.74269 1.0 -1.0
-0.571429 0.263158 1.0 -1.0
-0.43956 -0.391813 1.0 1.0
0.142857 -0.812865 1.0 -1.0
-0.648352 -0.438596 1.0 -1.0
-0.021978 0.345029 1.0 -1.0
0.241758 0.532164 1.0 1.0
0.252747 -0.497076 1.0 1.0
-0.0989011 -0.461988 1.0 1.0
-0.835165 0.438596 1.0 -1.0
-0.197802 -0.54386 1.0 -1.0
0.0 0.380117 1.0 -1.0
-0.593407 0.602339 1.0 -1.0
0.351648 -0.637427 1.0 1.0
-0.824176 0.508772 1.0 -1.0
0.538462 -0.859649 1.0 1.0
0.010989 0.403509 1.0 -1.0
-0.78022 1.0 1.0 -1.0
-0.857143 0.54386 1.0 -1.0
-0.626374 -0.415205 1.0 -1.0
-0.483516 0.450292 1.0 -1.0
0.78022 0.754386 1.0 -1.0
1.0 0.649123 1.0 -1.0
-0.010989 0.403509 1.0 -1.0
0.494505 -0.625731 1.0 1.0
0.78022 -0.28655 1.0 1.0
0.230769 -0.871345 1.0 -1.0
-0.307692 -0.333333 1.0 1.0
-0.615385 0.847953 1.0 -1.0
-0.241758 -0.28655 1.0 1.0
0.274725 0.789474 1.0 -1.0
-0.043956 -0.836257 1.0 -1.0
0.0 -0.953216 1.0 -1.0
0.472527 -0.578947 1.0 1.0
-0.714286 -0.719298 1.0 -1.0
-0.208791 -0.415205 1.0 1.0
-0.0769231 0.789474 1.0 1.0
-0.0549451 0.80117 1.0 1.0
-0.505495 0.0877193 1.0 -1.0
0.868132 -0.637427 1.0 1.0
0.868132 0.251462 1.0 1.0
-0.0549451 0.567251 1.0 1.0
0.043956 0.730994 1.0 1.0
0.835165 -0.0760234 1.0 1.0
0.428571 0.953216 1.0 -1.0
-0.912088 0.28655 1.0 -1.0
0.142857 0.00584795 1.0 -1.0
