163.0 34.0 1.0 1.0
177.0 32.0 1.0 1.0
65.0 96.0 1.0 -1.0
73.0 138.0 1.0 -1.0
107.0 59.0 1.0 1.0
129.0 114.0 1.0 -1.0
60.0 138.0 1.0 -1.0
102.0 46.0 1.0 -1.0
42.0 59.0 1.0 -1.0
171.0 84.0 1.0 1.0
29.0 59.0 1.0 -1.0
45.0 39.0 1.0 -1.0
46.0 31.0 1.0 -1.0
93.0 40.0 1.0 -1.0
44.0 113.0 1.0 -1.0
133.0 106.0 1.0 -1.0
39.0 58.0 1.0 -1.0
36.0 33.0 1.0 -1.0
135.0 52.0 1.0 1.0
10.0 117.0 1.0 -1.0
128.0 45.0 1.0 1.0
63.0 72.0 1.0 1.0
177.0 87.0 1.0 1.0
66.0 100.0 1.0 -1.0
175.0 21.0 1.0 1.0
69.0 145.0 1.0 -1.0
177.0 43.0 1.0 1.0
98.0 40.0 1.0 -1.0
114.0 17.0 1.0 -1.0
48.0 102.0 1.0 -1.0
167.0 116.0 1.0 1.0
90.0 35.0 1.0 -1.0
39.0 114.0 1.0 -1.0
163.0 33.0 1.0 1.0
45.0 152.0 1.0 -1.0
48.0 157.0 1.0 -1.0
96.0 129.0 1.0 -1.0
27.0 106.0 1.0 -1.0
91.0 25.0 1.0 -1.0
177.0 173.0 1.0 -1.0
49.0 175.0 1.0 -1.0
40.0 65.0 1.0 -1.0
151.0 30.0 1.0 1.0
173.0 18.0 1.0 1.0
78.0 89.0 1.0 -1.0
45.0 124.0 1.0 -1.0
28.0 108.0 1.0 -1.0
176.0 130.0 1.0 1.0
96.0 137.0 1.0 -1.0
24.0 147.0 1.0 -1.0
101.0 64.0 1.0 1.0
188.0 164.0 1.0 -1.0
109.0 38.0 1.0 -1.0
70.0 135.0 1.0 -1.0
23.0 83.0 1.0 -1.0
57.0 41.0 1.0 -1.0
93.0 96.0 1.0 -1.0
33.0 107.0 1.0 -1.0
135.0 60.0 1.0 1.0
50.0 97.0 1.0 -1.0
55.0 32.0 1.0 -1.0
181.0 160.0 1.0 -1.0
171.0 110.0 1.0 1.0
124.0 126.0 1.0 -1.0
180.0 176.0 1.0 -1.0
177.0 82.0 1.0 1.0
34.0 102.0 1.0 -1.0
124.0 121.0 1.0 -1.0
35.0 174.0 1.0 -1.0
90.0 106.0 1.0 -1.0
30.0 110.0 1.0 -1.0
85.0 163.0 1.0 1.0
89.0 155.0 1.0 1.0
43.0 121.0 1.0 -1.0
38.0 166.0 1.0 -1.0
122.0 60.0 1.0 1.0
27.0 62.0 1.0 -1.0
88.0 93.0 1.0 -1.0
41.0 176.0 1.0 -1.0
144.0 185.0 1.0 -1.0
50.0 164.0 1.0 -1.0
60.0 75.0 1.0 1.0
16.0 176.0 1.0 -1.0
93.0 63.0 1.0 1.0
113.0 98.0 1.0 -1.0
105.0 89.0 1.0 -1.0
103.0 154.0 1.0 1.0
78.0 144.0 1.0 -1.0
131.0 169.0 1.0 -1.0
174.0 168.0 1.0 -1.0
172.0 122.0 1.0 1.0
105.0 97.0 1.0 -1.0
49.0 109.0 1.0 -1.0
16.0 115.0 1.0 -1.0
88.0 161.0 1.0 1.0
140.0 53.0 1.0 1.0
190.0 151.0 1.0 -1.0
110.0 149.0 1.0 1.0
108.0 134.0 1.0 -1.0
41.0 96.0 1.0 -1.0
141.0 89.0 1.0 -1.0
131.0 115.0 1.0 -1.0
59.0 141.0 1.0 -1.0
165.0 134.0 1.0 1.0
171.0 29.0 1.0 1.0
72.0 133.0 1.0 -1.0
93.0 134.0 1.0 -1.0
102.0 64.0 1.0 1.0
84.0 174.0 1.0 1.0
67.0 114.0 1.0 -1.0
180.0 123.0 1.0 1.0
43.0 165.0 1.0 -1.0
15.0 161.0 1.0 -1.0
38.0 41.0 1.0 -1.0
86.0 69.0 1.0 1.0
73.0 136.0 1.0 -1.0
41.0 167.0 1.0 -1.0
182.0 53.0 1.0 1.0
51.0 119.0 1.0 -1.0
35.0 105.0 1.0 -1.0
81.0 136.0 1.0 -1.0
148.0 47.0 1.0 1.0
144.0 40.0 1.0 1.0
113.0 114.0 1.0 -1.0
42.0 60.0 1.0 -1.0
177.0 76.0 1.0 1.0
145.0 86.0 1.0 -1.0
35.0 167.0 1.0 -1.0
125.0 44.0 1.0 1.0
69.0 38.0 1.0 -1.0
78.0 78.0 1.0 1.0
61.0 114.0 1.0 -1.0
101.0 136.0 1.0 -1.0
172.0 65.0 1.0 1.0
121.0 145.0 1.0 1.0
45.0 151.0 1.0 -1.0
115.0 16.0 1.0 -1.0
173.0 30.0 1.0 1.0
160.0 142.0 1.0 1.0
141.0 114.0 1.0 -1.0
176.0 123.0 1.0 1.0
176.0 95.0 1.0 1.0
66.0 155.0 1.0 -1.0
119.0 178.0 1.0 -1.0
146.0 47.0 1.0 1.0
171.0 140.0 1.0 1.0
38.0 49.0 1.0 -1.0
75.0 150.0 1.0 -1.0
117.0 62.0 1.0 1.0
137.0 169.0 1.0 -1.0
151.0 183.0 1.0 -1.0
96.0 87.0 1.0 -1.0
64.0 100.0 1.0 -1.0
136.0 58.0 1.0 1.0
124.0 146.0 1.0 1.0
125.0 170.0 1.0 -1.0
42.0 44.0 1.0 -1.0
90.0 174.0 1.0 1.0
144.0 24.0 1.0 1.0
44.0 104.0 1.0 -1.0
81.0 104.0 1.0 -1.0
149.0 141.0 1.0 1.0
52.0 124.0 1.0 -1.0
144.0 153.0 1.0 1.0
41.0 102.0 1.0 -1.0
182.0 93.0 1.0 1.0
20.0 154.0 1.0 -1.0
61.0 111.0 1.0 -1.0
57.0 51.0 1.0 -1.0
109.0 89.0 1.0 -1.0
76.0 63.0 1.0 1.0
46.0 157.0 1.0 -1.0
98.0 167.0 1.0 1.0
112.0 39.0 1.0 -1.0
62.0 152.0 1.0 -1.0
109.0 34.0 1.0 -1.0
41.0 159.0 1.0 -1.0
176.0 20.0 1.0 1.0
48.0 165.0 1.0 -1.0
99.0 42.0 1.0 -1.0
40.0 172.0 1.0 -1.0
183.0 162.0 1.0 -1.0
71.0 108.0 1.0 -1.0
131.0 89.0 1.0 -1.0
50.0 42.0 1.0 -1.0
112.0 72.0 1.0 1.0
76.0 73.0 1.0 1.0
121.0 66.0 1.0 1.0
131.0 62.0 1.0 1.0
106.0 78.0 1.0 1.0
50.0 154.0 1.0 -1.0
98.0 151.0 1.0 1.0
151.0 38.0 1.0 1.0
56.0 97.0 1.0 -1.0
18.0 124.0 1.0 -1.0
55.0 122.0 1.0 -1.0
181.0 96.0 1.0 1.0
120.0 51.0 1.0 1.0
183.0 42.0 1.0 1.0
86.0 169.0 1.0 1.0
72.0 99.0 1.0 -1.0
171.0 17.0 1.0 1.0
139.0 150.0 1.0 1.0
165.0 119.0 1.0 1.0
26.0 153.0 1.0 -1.0
87.0 98.0 1.0 -1.0
86.0 155.0 1.0 1.0
13.0 148.0 1.0 -1.0
126.0 122.0 1.0 -1.0
70.0 145.0 1.0 -1.0
178.0 128.0 1.0 1.0
138.0 49.0 1.0 1.0
76.0 49.0 1.0 -1.0
156.0 151.0 1.0 1.0
87.0 105.0 1.0 -1.0
