84.0 39.0 1.0 -1.0
68.0 39.0 1.0 -1.0
182.0 71.0 1.0 1.0
64.0 143.0 1.0 -1.0
130.0 181.0 1.0 -1.0
160.0 174.0 1.0 -1.0
83.0 159.0 1.0 1.0
168.0 87.0 1.0 1.0
67.0 58.0 1.0 -1.0
106.0 125.0 1.0 -1.0
158.0 22.0 1.0 1.0
160.0 16.0 1.0 1.0
105.0 161.0 1.0 1.0
143.0 34.0 1.0 1.0
23.0 55.0 1.0 -1.0
102.0 21.0 1.0 -1.0
106.0 45.0 1.0 -1.0
103.0 77.0 1.0 1.0
62.0 39.0 1.0 -1.0
70.0 55.0 1.0 -1.0
24.0 57.0 1.0 -1.0
176.0 17.0 1.0 1.0
71.0 42.0 1.0 -1.0
73.0 150.0 1.0 -1.0
129.0 40.0 1.0 1.0
104.0 137.0 1.0 -1.0
99.0 148.0 1.0 1.0
89.0 76.0 1.0 1.0
152.0 185.0 1.0 -1.0
83.0 171.0 1.0 1.0
169.0 103.0 1.0 1.0
51.0 39.0 1.0 -1.0
140.0 27.0 1.0 1.0
107.0 158.0 1.0 1.0
18.0 161.0 1.0 -1.0
103.0 23.0 1.0 -1.0
129.0 150.0 1.0 1.0
153.0 141.0 1.0 1.0
97.0 91.0 1.0 -1.0
101.0 84.0 1.0 -1.0
143.0 94.0 1.0 -1.0
181.0 31.0 1.0 1.0
119.0 62.0 1.0 1.0
31.0 107.0 1.0 -1.0
180.0 66.0 1.0 1.0
105.0 65.0 1.0 1.0
150.0 137.0 1.0 1.0
8.0 129.0 1.0 -1.0
75.0 88.0 1.0 -1.0
149.0 177.0 1.0 -1.0
158.0 171.0 1.0 -1.0
69.0 89.0 1.0 -1.0
56.0 37.0 1.0 -1.0
152.0 138.0 1.0 1.0
35.0 108.0 1.0 -1.0
98.0 153.0 1.0 1.0
106.0 102.0 1.0 -1.0
132.0 171.0 1.0 -1.0
44.0 153.0 1.0 -1.0
67.0 91.0 1.0 -1.0
147.0 92.0 1.0 -1.0
144.0 175.0 1.0 -1.0
82.0 97.0 1.0 -1.0
95.0 68.0 1.0 1.0
40.0 153.0 1.0 -1.0
179.0 100.0 1.0 1.0
63.0 39.0 1.0 -1.0
118.0 110.0 1.0 -1.0
141.0 175.0 1.0 -1.0
43.0 48.0 1.0 -1.0
162.0 179.0 1.0 -1.0
42.0 87.0 1.0 -1.0
30.0 58.0 1.0 -1.0
116.0 57.0 1.0 1.0
133.0 178.0 1.0 -1.0
56.0 108.0 1.0 -1.0
128.0 106.0 1.0 -1.0
165.0 131.0 1.0 1.0
112.0 54.0 1.0 1.0
37.0 179.0 1.0 -1.0
167.0 124.0 1.0 1.0
150.0 43.0 1.0 1.0
130.0 83.0 1.0 -1.0
140.0 143.0 1.0 1.0
44.0 163.0 1.0 -1.0
156.0 176.0 1.0 -1.0
47.0 113.0 1.0 -1.0
113.0 85.0 1.0 -1.0
19.0 161.0 1.0 -1.0
40.0 87.0 1.0 -1.0
130.0 155.0 1.0 1.0
109.0 70.0 1.0 1.0
174.0 76.0 1.0 1.0
115.0 70.0 1.0 1.0
120.0 123.0 1.0 -1.0
77.0 48.0 1.0 -1.0
93.0 154.0 1.0 1.0
16.0 145.0 1.0 -1.0
128.0 144.0 1.0 1.0
128.0 147.0 1.0 1.0
129.0 176.0 1.0 -1.0
23.0 140.0 1.0 -1.0
127.0 49.0 1.0 1.0
56.0 51.0 1.0 -1.0
40.0 183.0 1.0 -1.0
26.0 45.0 1.0 -1.0
146.0 145.0 1.0 1.0
66.0 105.0 1.0 -1.0
12.0 157.0 1.0 -1.0
167.0 17.0 1.0 1.0
56.0 101.0 1.0 -1.0
81.0 100.0 1.0 -1.0
107.0 44.0 1.0 -1.0
177.0 168.0 1.0 -1.0
23.0 59.0 1.0 -1.0
145.0 28.0 1.0 1.0
46.0 158.0 1.0 -1.0
38.0 156.0 1.0 -1.0
67.0 93.0 1.0 -1.0
102.0 140.0 1.0 -1.0
27.0 59.0 1.0 -1.0
182.0 65.0 1.0 1.0
176.0 31.0 1.0 1.0
46.0 120.0 1.0 -1.0
125.0 120.0 1.0 -1.0
148.0 135.0 1.0 1.0
121.0 151.0 1.0 1.0
113.0 94.0 1.0 -1.0
98.0 96.0 1.0 -1.0
125.0 111.0 1.0 -1.0
175.0 56.0 1.0 1.0
26.0 90.0 1.0 -1.0
101.0 68.0 1.0 1.0
97.0 92.0 1.0 -1.0
102.0 123.0 1.0 -1.0
23.0 67.0 1.0 -1.0
47.0 118.0 1.0 -1.0
41.0 87.0 1.0 -1.0
127.0 155.0 1.0 1.0
71.0 95.0 1.0 -1.0
70.0 88.0 1.0 -1.0
76.0 75.0 1.0 1.0
143.0 179.0 1.0 -1.0
60.0 112.0 1.0 -1.0
177.0 58.0 1.0 1.0
93.0 54.0 1.0 -1.0
49.0 121.0 1.0 -1.0
64.0 39.0 1.0 -1.0
175.0 33.0 1.0 1.0
66.0 34.0 1.0 -1.0
57.0 158.0 1.0 -1.0
74.0 73.0 1.0 1.0
74.0 80.0 1.0 1.0
168.0 172.0 1.0 -1.0
173.0 178.0 1.0 -1.0
115.0 19.0 1.0 -1.0
50.0 123.0 1.0 -1.0
96.0 147.0 1.0 1.0
52.0 96.0 1.0 -1.0
104.0 38.0 1.0 -1.0
106.0 76.0 1.0 1.0
165.0 137.0 1.0 1.0
101.0 106.0 1.0 -1.0
175.0 129.0 1.0 1.0
170.0 45.0 1.0 1.0
90.0 48.0 1.0 -1.0
154.0 181.0 1.0 -1.0
132.0 147.0 1.0 1.0
120.0 116.0 1.0 -1.0
60.0 153.0 1.0 -1.0
127.0 57.0 1.0 1.0
95.0 23.0 1.0 -1.0
78.0 47.0 1.0 -1.0
71.0 53.0 1.0 -1.0
178.0 116.0 1.0 1.0
174.0 91.0 1.0 1.0
42.0 94.0 1.0 -1.0
27.0 55.0 1.0 -1.0
68.0 109.0 1.0 -1.0
90.0 105.0 1.0 -1.0
101.0 69.0 1.0 1.0
168.0 89.0 1.0 1.0
185.0 162.0 1.0 -1.0
116.0 134.0 1.0 -1.0
144.0 156.0 1.0 1.0
99.0 136.0 1.0 -1.0
107.0 16.0 1.0 -1.0
104.0 122.0 1.0 -1.0
65.0 48.0 1.0 -1.0
144.0 38.0 1.0 1.0
17.0 187.0 1.0 -1.0
44.0 170.0 1.0 -1.0
76.0 128.0 1.0 -1.0
161.0 129.0 1.0 1.0
74.0 34.0 1.0 -1.0
138.0 157.0 1.0 1.0
118.0 126.0 1.0 -1.0
113.0 159.0 1.0 1.0
142.0 94.0 1.0 -1.0
48.0 98.0 1.0 -1.0
85.0 39.0 1.0 -1.0
58.0 98.0 1.0 -1.0
125.0 128.0 1.0 -1.0
96.0 74.0 1.0 1.0
119.0 35.0 1.0 -1.0
63.0 38.0 1.0 -1.0
184.0 150.0 1.0 -1.0
88.0 71.0 1.0 1.0
162.0 130.0 1.0 1.0
113.0 74.0 1.0 1.0
110.0 125.0 1.0 -1.0
177.0 37.0 1.0 1.0
169.0 54.0 1.0 1.0
38.0 76.0 1.0 -1.0
39.0 96.0 1.0 -1.0
