-0.373626 -0.0643275 1.0 -1.0
-0.285714 0.426901 1.0 -1.0
0.0879121 -0.497076 1.0 1.0
0.32967 0.146199 1.0 -1.0
-0.428571 0.426901 1.0 -1.0
0.032967 -0.649123 1.0 -1.0
-0.626374 -0.497076 1.0 -1.0
0.791209 -0.204678 1.0 1.0
-0.769231 -0.497076 1.0 -1.0
-0.593407 -0.730994 1.0 -1.0
-0.582418 -0.824561 1.0 -1.0
-0.0659341 -0.719298 1.0 -1.0
-0.604396 0.134503 1.0 -1.0
0.373626 0.0526316 1.0 -1.0
-0.659341 -0.508772 1.0 -1.0
-0.692308 -0.80117 1.0 -1.0
0.395604 -0.578947 1.0 1.0
-0.978022 0.181287 1.0 -1.0
0.318681 -0.660819 1.0 1.0
-0.395604 -0.345029 1.0 1.0
0.857143 -0.169591 1.0 1.0
-0.362637 -0.0175439 1.0 -1.0
0.835165 -0.94152 1.0 1.0
-0.32967 0.508772 1.0 -1.0
0.857143 -0.684211 1.0 1.0
-0.010989 -0.719298 1.0 -1.0
0.164835 -0.988304 1.0 -1.0
-0.56044 0.00584795 1.0 -1.0
0.747253 0.169591 1.0 1.0
-0.0989011 -0.777778 1.0 -1.0
-0.659341 0.146199 1.0 -1.0
0.703297 -0.80117 1.0 1.0
-0.593407 0.590643 1.0 -1.0
-0.56044 0.649123 1.0 -1.0
-0.032967 0.321637 1.0 -1.0
-0.791209 0.0526316 1.0 -1.0
-0.0879121 -0.894737 1.0 -1.0
0.857143 0.836257 1.0 -1.0
-0.549451 0.859649 1.0 -1.0
-0.648352 -0.426901 1.0 -1.0
0.571429 -0.836257 1.0 1.0
0.813187 -0.976608 1.0 1.0
-0.230769 -0.146199 1.0 -1.0
-0.593407 0.263158 1.0 -1.0
-0.78022 0.0760234 1.0 -1.0
0.846154 0.333333 1.0 1.0
-0.032967 0.415205 1.0 -1.0
-0.824176 0.532164 1.0 -1.0
0.021978 -0.438596 1.0 1.0
0.978022 0.730994 1.0 -1.0
0.10989 -0.74269 1.0 -1.0
-0.318681 0.391813 1.0 -1.0
-0.835165 -0.216374 1.0 -1.0
-0.461538 -0.707602 1.0 -1.0
-0.0659341 -0.0643275 1.0 -1.0
-0.725275 0.0643275 1.0 -1.0
0.395604 -0.48538 1.0 1.0
-0.538462 -0.0526316 1.0 -1.0
-0.483516 -0.812865 1.0 -1.0
0.901099 0.684211 1.0 -1.0
0.791209 0.0994152 1.0 1.0
0.274725 0.28655 1.0 -1.0
0.89011 0.871345 1.0 -1.0
0.857143 -0.22807 1.0 1.0
-0.714286 0.00584795 1.0 -1.0
0.274725 0.22807 1.0 -1.0
-0.703297 0.847953 1.0 -1.0
-0.0989011 0.0526316 1.0 -1.0
-0.758242 0.0994152 1.0 -1.0
-0.153846 0.719298 1.0 1.0
-0.10989 0.625731 1.0 1.0
-0.615385 0.22807 1.0 -1.0
-0.67033 0.754386 1.0 -1.0
0.252747 -0.48538 1.0 1.0
-0.791209 -0.461988 1.0 -1.0
-0.120879 -0.0994152 1.0 -1.0
-0.637363 0.871345 1.0 -1.0
0.494505 0.976608 1.0 -1.0
-0.538462 0.730994 1.0 -1.0
-0.428571 -0.309942 1.0 1.0
-0.912088 0.871345 1.0 -1.0
-0.0659341 -0.450292 1.0 1.0
0.153846 -0.0409357 1.0 -1.0
0.0659341 -0.146199 1.0 -1.0
0.043956 0.614035 1.0 1.0
-0.230769 0.497076 1.0 -1.0
0.351648 0.789474 1.0 -1.0
0.824176 0.777778 1.0 -1.0
0.802198 0.239766 1.0 1.0
0.0659341 -0.0526316 1.0 -1.0
-0.549451 0.0877193 1.0 -1.0
-0.912088 0.157895 1.0 -1.0
-0.120879 0.695906 1.0 1.0
0.450549 -0.567251 1.0 1.0
1.0 0.578947 1.0 -1.0
0.120879 0.555556 1.0 1.0
0.0989011 0.380117 1.0 -1.0
-0.637363 -0.0643275 1.0 -1.0
0.461538 -0.146199 1.0 -1.0
0.351648 0.157895 1.0 -1.0
-0.43956 0.461988 1.0 -1.0
0.725275 0.380117 1.0 1.0
0.791209 -0.847953 1.0 1.0
-0.296703 0.368421 1.0 -1.0
-0.0659341 0.380117 1.0 -1.0
0.032967 -0.438596 1.0 1.0
-0.164835 0.847953 1.0 1.0
-0.351648 0.146199 1.0 -1.0
0.89011 0.251462 1.0 1.0
-0.615385 0.74269 1.0 -1.0
-0.923077 0.695906 1.0 -1.0
-0.67033 -0.707602 1.0 -1.0
-0.142857 -0.380117 1.0 1.0
-0.285714 0.403509 1.0 -1.0
-0.637363 0.766082 1.0 -1.0
0.912088 -0.567251 1.0 1.0
-0.527473 0.204678 1.0 -1.0
-0.703297 0.0409357 1.0 -1.0
-0.197802 0.403509 1.0 -1.0
0.538462 -0.637427 1.0 1.0
0.494505 -0.719298 1.0 1.0
0.153846 0.146199 1.0 -1.0
-0.626374 -0.48538 1.0 -1.0
0.857143 -0.298246 1.0 1.0
0.505495 -0.181287 1.0 -1.0
-0.703297 0.766082 1.0 -1.0
0.285714 -0.672515 1.0 1.0
-0.32967 -0.74269 1.0 -1.0
-0.230769 -0.274854 1.0 1.0
-0.417582 0.146199 1.0 -1.0
0.021978 0.403509 1.0 -1.0
0.802198 -0.426901 1.0 1.0
0.241758 0.508772 1.0 1.0
-0.593407 0.578947 1.0 -1.0
0.175824 -1.0 1.0 -1.0
0.813187 -0.836257 1.0 1.0
0.67033 0.473684 1.0 1.0
0.461538 0.146199 1.0 -1.0
0.846154 0.251462 1.0 1.0
0.846154 -0.0760234 1.0 1.0
-0.362637 0.625731 1.0 -1.0
0.21978 0.894737 1.0 -1.0
0.516484 -0.637427 1.0 1.0
0.791209 0.450292 1.0 1.0
-0.67033 -0.614035 1.0 -1.0
-0.263736 0.567251 1.0 -1.0
0.197802 -0.461988 1.0 1.0
0.417582 0.789474 1.0 -1.0
0.571429 0.953216 1.0 -1.0
-0.032967 -0.169591 1.0 -1.0
-0.384615 -0.0175439 1.0 -1.0
0.406593 -0.508772 1.0 1.0
0.274725 0.520468 1.0 1.0
0.285714 0.80117 1.0 -1.0
-0.626374 -0.672515 1.0 -1.0
-0.0989011 0.847953 1.0 1.0
0.494505 -0.906433 1.0 1.0
-0.604396 0.0292398 1.0 -1.0
-0.197802 0.0292398 1.0 -1.0
0.549451 0.461988 1.0 1.0
-0.516484 0.263158 1.0 -1.0
0.494505 0.602339 1.0 1.0
-0.637363 0.00584795 1.0 -1.0
0.912088 -0.0994152 1.0 1.0
-0.868132 0.614035 1.0 -1.0
-0.417582 0.111111 1.0 -1.0
-0.461538 -0.590643 1.0 -1.0
0.10989 -0.146199 1.0 -1.0
-0.252747 -0.450292 1.0 1.0
-0.582418 0.649123 1.0 -1.0
-0.010989 0.766082 1.0 1.0
0.142857 -0.730994 1.0 -1.0
-0.406593 0.590643 1.0 -1.0
0.10989 -0.789474 1.0 -1.0
-0.637363 0.672515 1.0 -1.0
0.846154 -0.953216 1.0 1.0
-0.56044 0.74269 1.0 -1.0
0.0 -0.695906 1.0 -1.0
-0.648352 0.824561 1.0 -1.0
0.923077 0.707602 1.0 -1.0
-0.307692 0.0760234 1.0 -1.0
0.351648 -0.146199 1.0 -1.0
-0.538462 -0.695906 1.0 -1.0
0.142857 -0.345029 1.0 1.0
-0.252747 -0.333333 1.0 1.0
0.241758 -0.415205 1.0 1.0
0.351648 -0.461988 1.0 1.0
0.0769231 -0.274854 1.0 1.0
-0.538462 0.614035 1.0 -1.0
-0.010989 0.578947 1.0 1.0
0.571429 -0.74269 1.0 1.0
-0.472527 -0.0526316 1.0 -1.0
-0.89011 0.263158 1.0 -1.0
-0.483516 0.239766 1.0 -1.0
0.901099 -0.0643275 1.0 1.0
0.230769 -0.590643 1.0 1.0
0.923077 -0.695906 1.0 1.0
-0.142857 0.789474 1.0 1.0
-0.296703 -0.0292398 1.0 -1.0
0.791209 -0.988304 1.0 1.0
0.43956 0.567251 1.0 1.0
0.725275 0.204678 1.0 1.0
-0.802198 0.602339 1.0 -1.0
-0.131868 -0.0409357 1.0 -1.0
-0.142857 0.625731 1.0 1.0
-0.945055 0.54386 1.0 -1.0
0.296703 0.239766 1.0 -1.0
-0.318681 0.508772 1.0 -1.0
0.868132 0.309942 1.0 1.0
0.428571 -0.614035 1.0 1.0
-0.252747 -0.614035 1.0 -1.0
0.626374 0.578947 1.0 1.0
-0.131868 0.0409357 1.0 -1.0
-0.78022 -0.730994 1.0 -1.0
-0.417582 0.590643 1.0 -1.0
0.351648 0.80117 1.0 -1.0
