0.747253 0.894737 1.0 -1.0
0.692308 -0.824561 1.0 1.0
0.472527 -0.0643275 1.0 -1.0
0.362637 0.789474 1.0 -1.0
0.769231 -0.321637 1.0 1.0
-0.692308 0.836257 1.0 -1.0
0.153846 0.274854 1.0 -1.0
0.10989 -0.929825 1.0 -1.0
-0.032967 -0.00584795 1.0 -1.0
-0.747253 -0.602339 1.0 -1.0
-0.582418 0.847953 1.0 -1.0
-0.351648 -0.602339 1.0 -1.0
-0.21978 -0.263158 1.0 1.0
0.318681 0.54386 1.0 1.0
-0.725275 -0.438596 1.0 -1.0
-0.824176 -0.48538 1.0 -1.0
0.0989011 -0.309942 1.0 1.0
0.912088 -0.730994 1.0 1.0
-0.10989 0.380117 1.0 -1.0
-0.373626 0.450292 1.0 -1.0
0.934066 0.555556 1.0 -1.0
0.417582 0.80117 1.0 -1.0
-0.186813 -0.00584795 1.0 -1.0
-0.296703 0.497076 1.0 -1.0
0.153846 -0.0994152 1.0 -1.0
0.450549 -0.0760234 1.0 -1.0
-0.769231 -0.415205 1.0 -1.0
0.912088 0.181287 1.0 1.0
0.615385 -0.812865 1.0 1.0
-0.010989 -0.0292398 1.0 -1.0
-0.142857 -0.578947 1.0 -1.0
-0.0879121 -0.871345 1.0 -1.0
0.912088 0.0760234 1.0 1.0
-0.032967 0.368421 1.0 -1.0
0.758242 0.859649 1.0 -1.0
0.736264 0.80117 1.0 -1.0
-0.571429 0.22807 1.0 -1.0
0.351648 0.169591 1.0 -1.0
0.846154 0.836257 1.0 -1.0
0.78022 -0.707602 1.0 1.0
0.197802 0.567251 1.0 1.0
-0.648352 0.695906 1.0 -1.0
0.912088 -0.333333 1.0 1.0
0.769231 -0.637427 1.0 1.0
0.186813 0.309942 1.0 -1.0
-0.901099 0.239766 1.0 -1.0
-0.406593 -0.0994152 1.0 -1.0
0.78022 -0.918129 1.0 1.0
0.296703 0.497076 1.0 1.0
0.527473 -0.684211 1.0 1.0
0.626374 0.497076 1.0 1.0
-0.637363 0.0877193 1.0 -1.0
0.21978 -0.812865 1.0 -1.0
-0.78022 -0.461988 1.0 -1.0
0.0879121 -0.368421 1.0 1.0
0.395604 0.0175439 1.0 -1.0
-0.956044 0.473684 1.0 -1.0
0.296703 0.216374 1.0 -1.0
0.10989 -0.707602 1.0 -1.0
-0.373626 0.590643 1.0 -1.0
0.0659341 -0.730994 1.0 -1.0
-0.296703 -0.298246 1.0 1.0
-0.56044 0.660819 1.0 -1.0
-0.813187 0.356725 1.0 -1.0
0.142857 -0.836257 1.0 -1.0
-0.32967 0.578947 1.0 -1.0
-0.989011 0.181287 1.0 -1.0
0.758242 0.345029 1.0 1.0
-0.648352 -0.157895 1.0 -1.0
0.912088 0.0409357 1.0 1.0
0.417582 0.602339 1.0 1.0
-0.296703 -0.567251 1.0 -1.0
0.384615 -0.157895 1.0 -1.0
0.362637 -0.649123 1.0 1.0
0.89011 -0.181287 1.0 1.0
-0.208791 -0.777778 1.0 -1.0
-0.395604 0.578947 1.0 -1.0
0.835165 0.660819 1.0 -1.0
0.901099 -0.74269 1.0 1.0
-0.637363 0.111111 1.0 -1.0
0.604396 -0.929825 1.0 1.0
-0.549451 0.719298 1.0 -1.0
0.494505 -0.707602 1.0 1.0
0.043956 -0.777778 1.0 -1.0
-0.010989 -0.672515 1.0 -1.0
0.021978 -0.0760234 1.0 -1.0
0.758242 0.204678 1.0 1.0
0.384615 0.789474 1.0 -1.0
0.769231 -0.777778 1.0 1.0
0.384615 0.497076 1.0 1.0
-0.868132 0.438596 1.0 -1.0
0.879121 -0.578947 1.0 1.0
-0.186813 -0.730994 1.0 -1.0
-0.373626 0.146199 1.0 -1.0
-0.527473 0.80117 1.0 -1.0
-0.32967 -0.637427 1.0 -1.0
0.417582 -0.192982 1.0 -1.0
0.153846 0.00584795 1.0 -1.0
0.318681 0.672515 1.0 1.0
0.549451 0.590643 1.0 1.0
0.241758 -0.824561 1.0 -1.0
-0.230769 0.380117 1.0 -1.0
-0.10989 -0.847953 1.0 -1.0
-0.659341 -0.0409357 1.0 -1.0
0.868132 0.695906 1.0 -1.0
0.0989011 -0.0877193 1.0 -1.0
-0.714286 0.122807 1.0 -1.0
0.252747 0.356725 1.0 -1.0
0.835165 -0.368421 1.0 1.0
-0.846154 0.380117 1.0 -1.0
0.285714 -0.48538 1.0 1.0
0.758242 -0.321637 1.0 1.0
-0.406593 0.134503 1.0 -1.0
0.791209 -0.181287 1.0 1.0
-0.56044 -0.111111 1.0 -1.0
-0.318681 0.473684 1.0 -1.0
-0.648352 0.707602 1.0 -1.0
-0.516484 -0.812865 1.0 -1.0
0.0659341 0.28655 1.0 -1.0
0.791209 0.918129 1.0 -1.0
0.934066 0.602339 1.0 -1.0
0.813187 -0.239766 1.0 1.0
-0.802198 -0.602339 1.0 -1.0
0.791209 0.871345 1.0 -1.0
0.505495 0.929825 1.0 -1.0
-0.472527 -0.74269 1.0 -1.0
-0.142857 -0.707602 1.0 -1.0
0.362637 -0.239766 1.0 -1.0
-0.582418 0.239766 1.0 -1.0
0.21978 -0.964912 1.0 -1.0
0.208791 -0.590643 1.0 1.0
0.824176 0.368421 1.0 1.0
-0.362637 0.403509 1.0 -1.0
0.0549451 -0.497076 1.0 1.0
-0.637363 -0.625731 1.0 -1.0
0.351648 0.146199 1.0 -1.0
-0.021978 0.426901 1.0 -1.0
-0.230769 0.508772 1.0 -1.0
-0.758242 -0.438596 1.0 -1.0
-0.505495 -0.836257 1.0 -1.0
0.373626 -0.0760234 1.0 -1.0
0.417582 0.0643275 1.0 -1.0
-0.78022 -0.181287 1.0 -1.0
0.0989011 -0.836257 1.0 -1.0
-0.714286 0.906433 1.0 -1.0
-0.945055 0.649123 1.0 -1.0
0.252747 0.567251 1.0 1.0
0.197802 0.637427 1.0 1.0
0.703297 0.812865 1.0 -1.0
-0.571429 -0.0760234 1.0 -1.0
0.230769 0.602339 1.0 1.0
-0.208791 0.48538 1.0 -1.0
-0.0989011 0.649123 1.0 1.0
0.846154 -0.906433 1.0 1.0
-0.879121 0.403509 1.0 -1.0
0.868132 0.614035 1.0 -1.0
-0.0879121 -0.695906 1.0 -1.0
0.362637 0.637427 1.0 1.0
0.197802 -0.567251 1.0 1.0
-0.406593 0.532164 1.0 -1.0
-0.142857 0.660819 1.0 1.0
-0.142857 -0.122807 1.0 -1.0
-0.142857 -0.0526316 1.0 -1.0
-0.538462 0.111111 1.0 -1.0
0.208791 0.380117 1.0 -1.0
0.67033 0.309942 1.0 1.0
0.428571 -0.660819 1.0 1.0
-0.615385 -0.134503 1.0 -1.0
-0.21978 -0.122807 1.0 -1.0
-0.736264 -0.0877193 1.0 -1.0
-0.461538 -0.0409357 1.0 -1.0
0.769231 0.789474 1.0 -1.0
0.0659341 -0.94152 1.0 -1.0
-0.0989011 0.754386 1.0 1.0
-0.802198 0.906433 1.0 -1.0
0.384615 0.94152 1.0 -1.0
0.384615 0.473684 1.0 1.0
0.10989 0.520468 1.0 1.0
0.318681 0.614035 1.0 1.0
-0.252747 0.321637 1.0 -1.0
-0.747253 -0.532164 1.0 -1.0
-0.21978 0.309942 1.0 -1.0
0.516484 -0.146199 1.0 -1.0
-0.274725 -0.766082 1.0 -1.0
0.857143 0.368421 1.0 1.0
0.791209 -0.707602 1.0 1.0
-0.604396 0.847953 1.0 -1.0
-0.681319 0.637427 1.0 -1.0
0.527473 0.964912 1.0 -1.0
-0.417582 -0.660819 1.0 -1.0
-0.538462 0.22807 1.0 -1.0
0.197802 0.649123 1.0 1.0
-0.582418 0.181287 1.0 -1.0
-0.703297 -0.74269 1.0 -1.0
0.032967 -0.134503 1.0 -1.0
-0.351648 -0.391813 1.0 1.0
0.263736 0.532164 1.0 1.0
0.758242 0.169591 1.0 1.0
0.505495 0.461988 1.0 1.0
-0.351648 -0.567251 1.0 -1.0
0.197802 -0.555556 1.0 1.0
-0.626374 -0.707602 1.0 -1.0
0.923077 -0.80117 1.0 1.0
-0.318681 -0.719298 1.0 -1.0
-0.692308 -0.754386 1.0 -1.0
-0.538462 -0.812865 1.0 -1.0
-0.626374 0.707602 1.0 -1.0
-0.043956 0.707602 1.0 1.0
-0.67033 0.789474 1.0 -1.0
-0.0879121 0.0643275 1.0 -1.0
0.56044 -0.730994 1.0 1.0
-0.747253 0.111111 1.0 -1.0
-0.604396 0.94152 1.0 -1.0
0.241758 -0.567251 1.0 1.0
-0.384615 -0.660819 1.0 -1.0
-0.164835 -0.730994 1.0 -1.0
